[
  {
    "tiffPath":"trainingData/16772.tiff",
    "points": [
        [[17605, 17755], [1]],
        [[17071, 17906], [0]],
        [[15708, 18787], [1]],
        [[15950, 19070], [0]],
        [[17565, 19317], [1]],
        [[17543, 19422], [1]],
        [[17600, 19588], [1]],
        [[19179, 19179], [1]],
        [[19945, 20601], [0]],
        [[19898, 19285], [1]],
        [[19013, 19179], [1]],
        [[19166, 19321], [1]],
	[[18983, 17695], [0]],
	[[18583, 17730], [1]],
	[[18323, 17609], [1]],
	[[18114, 18186], [1]],
	[[16128, 18174], [0]],
	[[16129, 18692], [1]],
	[[9985,  18410], [0]],
	[[17595, 18022], [1]],
 	[[17417, 18130], [1]],
	[[17743, 18058], [1]],
	[[16495, 21274], [1]],
	[[16864, 21317], [1]],
	[[16549, 20988], [0]],
	[[16471, 20876], [0]],
	[[16660, 20786], [1]],
	[[16891, 21083], [1]],
	[[20277, 20988], [1]],
	[[20508, 20914], [1]],
	[[20020, 19109], [0]],
	[[19870, 18709], [1]],
	[[17900, 18669], [1]],
	[[18008, 18441], [1]],
	[[17248, 18577], [1]],
	[[16922, 18166], [1]],
	[[17215, 10215], [0]],
	[[17040, 9909 ], [0]],
	[[17012, 9411 ], [0]],
	[[17012, 8710 ], [0]],
	[[29791, 20538], [0]],
	[[29207, 20523], [0]],
	[[28986, 18031], [0]],
	[[28258, 17955], [0]],
	[[19388, 15433], [1]],
	[[19444, 15346], [1]],
	[[19339, 15601], [1]],
	[[19215, 15423], [1]],
	[[19376, 15312], [1]],
	[[19497, 15319], [1]],
	[[19677, 15225], [1]],
	[[19307, 15130], [1]],
	[[18221, 14792], [1]],
	[[18822, 14119], [1]],
	[[18571, 13221], [0]],
	[[18776, 12925], [0]],
	[[12850, 13016], [0]],
	[[12278, 12986], [0]],
	[[12392, 14269], [0]],
	[[12160, 14828], [0]],
	[[12976, 14779], [0]],
	[[12723, 15017], [0]],
	[[12494, 15456], [0]],
	[[12408, 16411], [0]],
	[[16438, 17422], [1]],
	[[16249, 17855], [1]],
	[[17212, 18464], [1]],
	[[17338, 18380], [1]],
	[[17473, 18288], [1]],
	[[17250, 18574], [1]],
	[[20495, 32778], [0]],
	[[15260, 21123], [1]],
	[[15021, 21154], [1]],
	[[15434, 20404], [1]],
	[[15257, 20169], [1]],
	[[15211, 19984], [1]],
	[[17780, 19931], [1]],
	[[17585, 19572], [1]],
	[[17960, 19555], [1]],
	[[25319, 14791], [0]],

    ]
  },
  {
    "tiffPath":"trainingData/20240523_154801.tiff",
    "points": [
	[[40796, 30882], [0]],
	[[42086, 33945], [0]],
	[[9435,  11576], [0]],
	[[14603, 7242 ],  [0]],
	[[16947, 6446 ], [0]],
	[[37774, 42315], [0]],
    [[14579, 21538], [0]],
    [[40925, 23227], [0]],
    [[40814, 38615], [0]],
    [[44302, 37038], [0]],
    [[45659, 29342], [0]],
    [[00000, 00000], [0]],
    [[00000, 00000], [0]],
    [[00000, 00000], [0]],
    [[00000, 00000], [0]],
    [[00000, 00000], [0]],
    [[00000, 00000], [0]],
    [[00000, 00000], [0]],
    ]
  },
  {
    "tiffPath":"trainingData/20240524_144610.tiff",
    "points": [
	[[21186, 3231 ], [0]],
	[[31025, 5039 ], [0]],
	[[19977, 6243 ], [0]],
	[[33675, 7504 ], [0]],
	[[7105,  18204], [1]],
	[[19872, 18128], [0]],
	[[22143, 18186], [0]],
	[[29828, 18077], [0]],
	[[32172, 18084], [0]],
	[[7561,  6597 ], [0]],
	[[7158,  6837 ], [0]],
	[[12279, 19138], [0]],
	[[22944, 19874], [0]],
	[[24037, 20826], [0]],
	[[26239, 20817], [0]],
	[[26445, 22868], [0]],
	[[26367, 23299], [0]],
	[[25142, 24644], [0]],
	[[13653, 24951], [0]],
	[[13509, 26851], [0]],
	[[11889, 28029], [0]],
	[[11384, 29655], [0]],
	[[10075, 31888], [0]],
	[[12299, 32923], [0]],
	[[17390, 32857], [0]],
    ]
  }
]
